3 0.46796875 0.15 0.12890625 0.15
3 0.21484375 0.2203125 0.0984375 0.15859375
3 0.91484375 0.4265625 0.14453125 0.17734375
3 0.784375 0.83671875 0.159375 0.13671875
3 0.49375 0.415625 0.17578125 0.10546875
3 0.38671875 0.59609375 0.125 0.1578125
3 0.23828125 0.72734375 0.15078125 0.140625
4 0.159375 0.3828125 0.19921875 0.09453125
4 0.33671875 0.2671875 0.10546875 0.18046875
4 0.728125 0.16171875 0.1015625 0.16328125
4 0.725 0.41953125 0.1765625 0.1046875
4 0.1984375 0.5125 0.2328125 0.1
4 0.6890625 0.60625 0.18203125 0.09296875
4 0.565625 0.76953125 0.215625 0.10703125
6 0.884375 0.17421875 0.11484375 0.20703125
6 0.140625 0.8703125 0.1671875 0.14140625
6 0.3390625 0.4515625 0.13359375 0.1375
6 0.6390625 0.2796875 0.12734375 0.159375
6 0.49765625 0.3015625 0.19296875 0.0859375